0 -> (2,6)
1 -> (1,6)
2 -> (4,6)
3 -> (0,4)
4 -> (3,4)
5 -> (9,8)
6 -> (16,12)
7 -> (5,3)
8 -> (6,3)
9 -> (8,7)
10 -> (7,5)
11 -> (14,8)
12 -> (10,4)
13 -> (11,3)
14 -> (17,8)
15 -> (13,7)
16 -> (12,6)
17 -> (25,11)
18 -> (20,7)
19 -> (15,4)
20 -> (18,9)
21 -> (19,7)
22 -> (21,5)
23 -> (23,6)
24 -> (22,3)
25 -> (27,7)
26 -> (24,7)
27 -> (32,12)
28 -> (30,6)
29 -> (34,8)
30 -> (35,8)
31 -> (28,5)
32 -> (29,8)
33 -> (26,5)
34 -> (31,3)
35 -> (33,3)
36 -> (36,5)
37 -> (38,6)
38 -> (39,5)
39 -> (37,6)
