0 -> (0,4)
1 -> (4,5)
2 -> (3,2)
3 -> (2,2)
4 -> (9,5)
5 -> (5,4)
6 -> (1,3)
7 -> (12,8)
8 -> (16,9)
9 -> (8,3)
10 -> (10,4)
11 -> (6,4)
12 -> (19,9)
13 -> (13,6)
14 -> (14,5)
15 -> (7,1)
16 -> (11,3)
17 -> (18,4)
18 -> (17,5)
19 -> (21,4)
20 -> (23,5)
21 -> (15,2)
22 -> (20,2)
23 -> (24,5)
24 -> (29,7)
25 -> (25,5)
26 -> (22,3)
27 -> (26,4)
28 -> (27,5)
29 -> (35,8)
30 -> (28,4)
31 -> (30,5)
32 -> (31,7)
33 -> (33,6)
34 -> (32,4)
35 -> (37,6)
36 -> (36,4)
37 -> (34,3)
38 -> (39,6)
39 -> (38,5)
40 -> (43,6)
41 -> (42,4)
42 -> (41,4)
43 -> (45,5)
44 -> (40,3)
45 -> (47,6)
46 -> (44,5)
47 -> (48,4)
48 -> (46,4)
49 -> (49,4)
