0 -> (1,14)
1 -> (4,12)
2 -> (7,17)
3 -> (0,11)
4 -> (5,13)
5 -> (8,13)
6 -> (3,12)
7 -> (15,18)
8 -> (9,16)
9 -> (2,10)
10 -> (17,17)
11 -> (12,16)
12 -> (11,14)
13 -> (13,13)
14 -> (14,10)
15 -> (10,9)
16 -> (16,12)
17 -> (18,16)
18 -> (6,6)
19 -> (26,18)
20 -> (20,11)
21 -> (27,16)
22 -> (21,15)
23 -> (28,17)
24 -> (24,13)
25 -> (19,12)
26 -> (31,14)
27 -> (22,10)
28 -> (30,15)
29 -> (34,13)
30 -> (32,14)
31 -> (46,25)
32 -> (25,12)
33 -> (36,17)
34 -> (33,14)
35 -> (23,9)
36 -> (39,13)
37 -> (35,14)
38 -> (37,15)
39 -> (29,8)
40 -> (38,12)
41 -> (45,20)
42 -> (41,17)
43 -> (44,16)
44 -> (47,16)
45 -> (48,16)
46 -> (40,12)
47 -> (51,16)
48 -> (61,19)
49 -> (53,16)
50 -> (52,14)
51 -> (43,9)
52 -> (42,9)
53 -> (50,13)
54 -> (57,16)
55 -> (55,12)
56 -> (58,13)
57 -> (49,10)
58 -> (54,9)
59 -> (59,15)
60 -> (66,14)
61 -> (65,16)
62 -> (63,11)
63 -> (60,13)
64 -> (70,18)
65 -> (62,8)
66 -> (56,7)
67 -> (74,20)
68 -> (68,15)
69 -> (84,22)
70 -> (64,12)
71 -> (67,15)
72 -> (69,12)
73 -> (71,13)
74 -> (72,12)
75 -> (79,17)
76 -> (76,17)
77 -> (75,14)
78 -> (80,12)
79 -> (78,12)
80 -> (73,10)
81 -> (81,16)
82 -> (86,18)
83 -> (77,10)
84 -> (98,23)
85 -> (82,12)
86 -> (83,12)
87 -> (92,18)
88 -> (85,11)
89 -> (88,16)
90 -> (89,11)
91 -> (97,19)
92 -> (91,10)
93 -> (87,10)
94 -> (99,18)
95 -> (95,17)
96 -> (90,9)
97 -> (93,15)
98 -> (96,15)
99 -> (94,10)
